speed_to_erpm_gain: 64.961201261998099
speed_to_erpm_offset: 0
steering_angle_to_servo_gain: -0.95492965855137202
steering_angle_to_servo_offset: 0.5
wheelbase: 0.32500000000000001